Energy 	 total 	 metal 	 mol 
0.0 	 0.08400066975661068 	 0.0006508159666170333 	 0.001848457578323102 
0.02 	 0.08560853693856875 	 0.0006579797870016525 	 0.001873359839874812 
0.04 	 0.0872969180864326 	 0.0006652655081385553 	 0.0018989373768644668 
0.06 	 0.08907321986141489 	 0.0006726759753949415 	 0.0019252326371435153 
0.08 	 0.09094286240698346 	 0.0006802141205813049 	 0.0019522945934958554 
0.1 	 0.09290732651092241 	 0.0006878829655661106 	 0.001980180404707385 
0.12 	 0.0949632719332771 	 0.0006956856261914404 	 0.0020089575348725924 
0.14 	 0.09710517823777061 	 0.0007036253165520682 	 0.002038706362123138 
0.16 	 0.09933157604815589 	 0.0007117053537160284 	 0.00206952316018843 
0.18 	 0.10164771112305727 	 0.0007199291629777629 	 0.0021015230638212327 
0.2 	 0.10405681853534152 	 0.0007283002837328189 	 0.002134842160088547 
0.22 	 0.10654769844052042 	 0.0007368223760135464 	 0.002169636865245209 
0.24 	 0.1090950949950192 	 0.0007454992275507411 	 0.002206076510143635 
0.26 	 0.11167002240980797 	 0.000754334760752958 	 0.002244321493660095 
0.28 	 0.11424425599207905 	 0.0007633330378656189 	 0.002284477596314004 
0.3 	 0.11679739202642592 	 0.0007724982601731963 	 0.002326520058739312 
0.32 	 0.1193372380525993 	 0.0007818347528466974 	 0.0023701942946339188 
0.34 	 0.12190522857535536 	 0.0007913469222072374 	 0.002414954273752281 
0.36 	 0.12455161259024178 	 0.0008010391758657376 	 0.0024600606802692255 
0.38 	 0.1273113294266702 	 0.0008109158325375931 	 0.002504825220603877 
0.4 	 0.1301989038871027 	 0.0008209811305441994 	 0.002548777185754857 
0.42 	 0.1332161271457156 	 0.0008312394629431634 	 0.0025917587374619895 
0.44 	 0.13636399909350083 	 0.0008416957065360176 	 0.002634110341190507 
0.46 	 0.1396401715750517 	 0.0008523552105425507 	 0.0026766318719281153 
0.48 	 0.1430216189070076 	 0.0008632233738556657 	 0.0027201249813721406 
0.5 	 0.14646942493696116 	 0.0008743054131986844 	 0.002765066164660342 
0.52 	 0.14996895414064823 	 0.0008856067728856211 	 0.002811800213643011 
0.54 	 0.1535637928031367 	 0.0008971337419305042 	 0.0028608861339566197 
0.56 	 0.1573467147241758 	 0.0009088934928309197 	 0.0029131277919958436 
0.58 	 0.16142222451902016 	 0.000920893557027005 	 0.0029693545904685642 
0.6 	 0.1658764649654715 	 0.000933141391024226 	 0.003030263576435085 
0.62 	 0.17076922830555638 	 0.0009456443168007455 	 0.003096399127658693 
0.64 	 0.17613852425708812 	 0.0009584096628727671 	 0.0031681444976589075 
0.66 	 0.1820036112215332 	 0.0009714449139490136 	 0.0032456105794865485 
0.68 	 0.18836138131350166 	 0.000984757807841982 	 0.0033284188183998636 
0.7000000000000001 	 0.19518247931032698 	 0.0009983563878472805 	 0.0034155392402234596 
0.72 	 0.20241821382212188 	 0.0010122490307018642 	 0.00350541675567911 
0.74 	 0.21001521258005965 	 0.001026444464102358 	 0.003596295390387109 
0.76 	 0.21791982996403042 	 0.001040951781047972 	 0.003686313377759808 
0.78 	 0.22607781009192068 	 0.0010557804542619378 	 0.003773484126881227 
0.8 	 0.23445787730892678 	 0.0010709403519976787 	 0.003856211537415503 
0.8200000000000001 	 0.24310210112523786 	 0.0010864417556990498 	 0.003934401954141273 
0.84 	 0.2521643203342779 	 0.0011022953796680126 	 0.004010299068775704 
0.86 	 0.26188494881798247 	 0.001118512392801522 	 0.004087880899197023 
0.88 	 0.2725157580102407 	 0.001135104442458749 	 0.00417112590261525 
0.9 	 0.28426750480393054 	 0.0011520836805535342 	 0.004262787365126407 
0.92 	 0.29730940008292905 	 0.0011694627920129416 	 0.00436432612136603 
0.9400000000000001 	 0.31179462089484994 	 0.0011872550257937251 	 0.004476418377033281 
0.96 	 0.3278855691902759 	 0.0012054742287035962 	 0.004599447564945059 
0.98 	 0.3457706834945826 	 0.0012241348823344971 	 0.004733803988106261 
1.0 	 0.36567356541283486 	 0.0012432521434837882 	 0.004880031141612969 
1.02 	 0.38785569589078894 	 0.001262841888519706 	 0.005038890288219818 
1.04 	 0.4126124047816303 	 0.00128292076224414 	 0.00521139198327019 
1.06 	 0.4402635764687506 	 0.0013035062319243168 	 0.005398820155672878 
1.08 	 0.47115242004019303 	 0.001324616647312648 	 0.005602760985886603 
1.1 	 0.5056851896575382 	 0.0013462713076598369 	 0.00582514267555439 
1.12 	 0.5444346761182495 	 0.001368490536963446 	 0.006068290003883943 
1.1400000000000001 	 0.5882555311397448 	 0.0013912957689981751 	 0.006334997347255994 
1.16 	 0.6383199043246233 	 0.0014147096440680186 	 0.00662862467485341 
1.18 	 0.696086716280664 	 0.0014387561199331943 	 0.00695322258060689 
1.2 	 0.7633065513179451 	 0.0014634606000336677 	 0.007313694626292657 
1.22 	 0.8421100730901105 	 0.0014888500830045922 	 0.007716008266131032 
1.24 	 0.9351617929683792 	 0.0015149533386116267 	 0.008167469596985548 
1.26 	 1.0458606429813506 	 0.0015418011166865608 	 0.008677082339631697 
1.28 	 1.1785901996789783 	 0.0015694263974838716 	 0.00925601789137957 
1.3 	 1.339030673929447 	 0.0015978646942318338 	 0.009918230667441397 
1.32 	 1.5345366147525903 	 0.001627154421870022 	 0.01068125997884699 
1.34 	 1.7745508417666866 	 0.001657337350721139 	 0.0115672635178861 
1.36 	 2.070937994213804 	 0.001688459169409422 	 0.012604324417288208 
1.3800000000000001 	 2.437915553072736 	 0.0017205701792049177 	 0.01382806576788518 
1.4000000000000001 	 2.890818105940568 	 0.0017537261134003607 	 0.015283618849968298 
1.42 	 3.4421117612035435 	 0.001787989011541985 	 0.017028078970480396 
1.44 	 4.091999556328835 	 0.0018234279769666893 	 0.019133702645761835 
1.46 	 4.811036121297967 	 0.0018601194491452075 	 0.021691748247676796 
1.48 	 5.518001228987424 	 0.0018981462709159918 	 0.024814993225922614 
1.5 	 6.073477813092987 	 0.0019375944500107177 	 0.028632975641693002 
1.52 	 6.324570914721243 	 0.001978546638046475 	 0.033268605562140924 
1.54 	 6.19880329117341 	 0.002021073500587973 	 0.03877927952299156 
1.56 	 5.760705585478571 	 0.0020652301646675703 	 0.04504440401496303 
1.58 	 5.161159701785315 	 0.002111069541387603 	 0.051601848887994135 
1.6 	 4.540698414950822 	 0.0021586735665441972 	 0.05751320087129815 
1.62 	 3.9779905348785496 	 0.002208186673179078 	 0.06147242057836976 
1.6400000000000001 	 3.493316322293088 	 0.002259843806380678 	 0.062367038751699376 
1.6600000000000001 	 3.0748234630433426 	 0.0023139947075956017 	 0.06002716452947385 
1.68 	 2.7049858637918165 	 0.0023711068392318732 	 0.055385887994332104 
1.7 	 2.3754284854485817 	 0.002431738865686139 	 0.04982925174906212 
1.72 	 2.086379194800725 	 0.0024965153549522663 	 0.044472087823870576 
1.74 	 1.8391458383309616 	 0.0025661189902918225 	 0.039919644826059815 
1.76 	 1.631946094175263 	 0.0026412681249069706 	 0.03638722028112175 
1.78 	 1.4605977452345227 	 0.0027226107823468126 	 0.033886483357753294 
1.8 	 1.320410033423549 	 0.00281042836910446 	 0.03235528773417225 
1.82 	 1.2070072078182417 	 0.0029040364037331715 	 0.031726528115145106 
1.84 	 1.1163313121478902 	 0.003000945271347572 	 0.031958507912650216 
1.86 	 1.0446000212702748 	 0.003096378654691306 	 0.033043604938899206 
1.8800000000000001 	 0.9884386834347252 	 0.0031843812371949395 	 0.03500077901558066 
1.9000000000000001 	 0.945135854780472 	 0.0032610435666326474 	 0.03784632975468569 
1.92 	 0.9128829777484286 	 0.003327502063686693 	 0.04152908214581885 
1.94 	 0.8906166792923724 	 0.0033893389206125675 	 0.04582128257295806 
1.96 	 0.8772422354033463 	 0.003453061272977957 	 0.050201720968811085 
1.98 	 0.8707467578225325 	 0.003523357110786187 	 0.05386090136502209 
2.0 	 0.8679916698313165 	 0.003602677736664007 	 0.055974834422931136 
2.02 	 0.865436168336971 	 0.0036920375892476433 	 0.056139953441738784 
2.04 	 0.8603774740865828 	 0.0037916917124960754 	 0.05458458397707182 
2.06 	 0.8518950605728549 	 0.0039013006325530697 	 0.05198557866908901 
2.08 	 0.8407538548474257 	 0.0040198628367706666 	 0.04910549792343561 
2.1 	 0.8285492885752388 	 0.004145637613391102 	 0.04650918244301788 
2.12 	 0.8170243293131435 	 0.00427597715390852 	 0.04445392734875515 
2.14 	 0.8077603401374489 	 0.004407348972763645 	 0.042905234098503386 
2.16 	 0.8019889491724529 	 0.004536547944375472 	 0.041626491843447654 
2.18 	 0.8004944339576713 	 0.004662929231035995 	 0.04034141903828899 
2.2 	 0.8036014632516085 	 0.004789139919062753 	 0.038909847516241436 
2.22 	 0.811097373174364 	 0.0049191644535354125 	 0.037379143598035444 
2.24 	 0.8221626782540737 	 0.005056113615854339 	 0.035880698737814076 
2.2600000000000002 	 0.8355996493906765 	 0.005201869668139328 	 0.03450078070374989 
2.2800000000000002 	 0.850311429842392 	 0.0053578598311105905 	 0.03323934895665053 
2.3000000000000003 	 0.8657526306370417 	 0.0055254929433351165 	 0.03205767573736792 
2.32 	 0.8821558142257143 	 0.00570607515725804 	 0.030942925914232512 
2.34 	 0.9003485004783709 	 0.005900719291215842 	 0.029927624169245763 
2.36 	 0.921111551053543 	 0.00611040738182689 	 0.029065288591156528 
2.38 	 0.944131215716348 	 0.006336076679074414 	 0.02839430189312636 
2.4 	 0.966970499550818 	 0.006578681936838546 	 0.027915129408215902 
2.42 	 0.9853274204890055 	 0.006839281249284412 	 0.027599495173264384 
2.44 	 0.995295196907413 	 0.007119130107192926 	 0.02742924270749119 
2.46 	 0.9958860472163439 	 0.0074197222690879335 	 0.027428859348568264 
2.48 	 0.9894237518543814 	 0.007742811369467172 	 0.02765710541110652 
2.5 	 0.9800389066280987 	 0.008090505068025411 	 0.02816908657402513 
2.52 	 0.971915905044705 	 0.00846540019430641 	 0.028983172818897663 
2.54 	 0.9681095772837127 	 0.0088706396042672 	 0.03006289884685418 
2.56 	 0.970253037997951 	 0.00930989316298681 	 0.031306310048459324 
2.58 	 0.9790015373825016 	 0.009787376147230405 	 0.032549017530697576 
2.6 	 0.9945638114467055 	 0.010307956105316063 	 0.0336036550847334 
2.62 	 1.0169770528719737 	 0.010877316160835548 	 0.03433761134749745 
2.64 	 1.04624467670278 	 0.011502141514524295 	 0.0347350529632272 
2.66 	 1.0824253603190477 	 0.012190328910241535 	 0.034875727685090466 
2.68 	 1.1256694562494949 	 0.01295123780332119 	 0.03484833747335246 
2.7 	 1.176225162486395 	 0.013795968273482697 	 0.034700262656001055 
2.72 	 1.2341943171395662 	 0.01473752622446931 	 0.03446176455097595 
2.74 	 1.298764403961164 	 0.01579063986453817 	 0.03417767877088319 
2.7600000000000002 	 1.3672158400014462 	 0.016971195826225655 	 0.033911262018551463 
2.7800000000000002 	 1.434363593233746 	 0.018295983800412856 	 0.033740669667895344 
2.8000000000000003 	 1.493370525208612 	 0.01978463586566819 	 0.03374596716725367 
2.82 	 1.5389562836378579 	 0.021465512647431333 	 0.03398706035101133 
2.84 	 1.5714254188944297 	 0.023382868134543322 	 0.03449499157686004 
2.86 	 1.597302405220343 	 0.025598271120284892 	 0.035281942346929364 
2.88 	 1.625801058391123 	 0.028183532679331647 	 0.036355820924954506 
2.9 	 1.6649953275965415 	 0.031207645738161722 	 0.03772822586567905 
2.92 	 1.720380424397763 	 0.03471560776292269 	 0.03941586124674095 
2.94 	 1.7952797247308296 	 0.03869221605202207 	 0.04144082178408056 
2.96 	 1.8917050858765563 	 0.04301636528912867 	 0.04383241711410619 
2.98 	 2.0111281256732365 	 0.04745014259728668 	 0.04663001659797662 
3.0 	 2.155245416602455 	 0.05173846626220642 	 0.049886093304947934 
3.02 	 2.3267356348243995 	 0.05581434741059905 	 0.053669276953635575 
3.04 	 2.529691339212092 	 0.05992396114105423 	 0.05806756415061072 
3.06 	 2.7693577597318746 	 0.0645075740774244 	 0.06319176448403396 
3.08 	 3.050970917118749 	 0.06994924288473883 	 0.06917892585157952 
3.1 	 3.3775262948071343 	 0.07641195928860346 	 0.0761954443844463 
3.12 	 3.746918926606408 	 0.0838394417710785 	 0.0844412842798142 
3.14 	 4.1508356357099405 	 0.09210729662666016 	 0.09416188081413256 
3.16 	 4.579273319397571 	 0.1012549275284279 	 0.10567847860987087 
3.18 	 5.030660293640975 	 0.11167041578498753 	 0.11943463358043478 
3.2 	 5.519302577534618 	 0.12412449361265179 	 0.13602584520122377 
3.22 	 6.072549824997766 	 0.13966397562083316 	 0.1561735241657135 
3.24 	 6.721233798419351 	 0.1594515070833918 	 0.18062573957075845 
3.2600000000000002 	 7.492345755814093 	 0.18457851747621565 	 0.2099479717172413 
3.2800000000000002 	 8.408549100516835 	 0.21575293837105577 	 0.24412014158816442 
3.3000000000000003 	 9.489815491588226 	 0.2526824020678202 	 0.2819116231231567 
3.3200000000000003 	 10.74726030244597 	 0.2930379380633444 	 0.32034341629899526 
3.34 	 12.168515840621966 	 0.33136525884800444 	 0.35510590391856456 
3.36 	 13.704680932308962 	 0.3593216143136306 	 0.3826226702141918 
3.38 	 15.266061383244542 	 0.36888609946033535 	 0.40251992665783765 
3.4 	 16.729960950002454 	 0.35735401291778396 	 0.41785385369250755 
3.42 	 17.967588180054857 	 0.3292392940747467 	 0.4329176424371936 
3.44 	 18.889337375107306 	 0.29289833215851446 	 0.45119677445065576 
3.46 	 19.469118150054495 	 0.2558576242522793 	 0.47454362572887304 
3.48 	 19.711585848328674 	 0.22265477775962597 	 0.5025861574603063 
3.5 	 19.611432565243295 	 0.19504318047174868 	 0.5321838867187333 
3.52 	 19.16701586272119 	 0.1730105204648738 	 0.5579135813933577 
3.54 	 18.421205333258506 	 0.15569510487371155 	 0.574005682595168 
3.56 	 17.473172129488034 	 0.14196477536484473 	 0.5764889055694762 
3.58 	 16.449056584692855 	 0.13073107026069083 	 0.5636588935823722 
3.6 	 15.457703042196098 	 0.12113372981058547 	 0.5355168504667307 
3.62 	 14.564997284283892 	 0.11263499759378849 	 0.4942454842665146 
3.64 	 13.79241967026841 	 0.10500366883639117 	 0.4447300519788226 
3.66 	 13.125342726866526 	 0.09822539746450405 	 0.3931778649649279 
3.68 	 12.525602372911047 	 0.0923903103814339 	 0.34482378684099513 
3.7 	 11.95223711813956 	 0.08757156966823133 	 0.302717900858093 
3.72 	 11.38937945758519 	 0.08371800568686234 	 0.26793570754837265 
3.74 	 10.863098605701126 	 0.08062931391400016 	 0.24034295206060052 
3.7600000000000002 	 10.42674048393724 	 0.07804891474221069 	 0.219196845219097 
3.7800000000000002 	 10.127203460114984 	 0.07578684910632057 	 0.20345494765610686 
3.8000000000000003 	 9.983652399862988 	 0.07374867040089748 	 0.19198459762937584 
3.8200000000000003 	 9.987405591085448 	 0.0718823848312912 	 0.18381427798479658 
3.84 	 10.111802271167853 	 0.07014367064132151 	 0.1782979002948904 
3.86 	 10.32221901412051 	 0.06849721672498266 	 0.17495100953443085 
3.88 	 10.581060568665048 	 0.06692907402711468 	 0.17303618871438337 
3.9 	 10.844550124601732 	 0.06545989933634273 	 0.171301944718867 
3.92 	 11.053728020888613 	 0.0641101866743262 	 0.1682369454322119 
3.94 	 11.130115775420556 	 0.06281588478660732 	 0.16282598431724774 
3.96 	 10.9898820997561 	 0.061387302327628346 	 0.15519606338657768 
3.98 	 10.584331576975814 	 0.05958065781203652 	 0.14649612166270967 
4.0 	 9.941611263671362 	 0.05726339154088346 	 0.13818025229298753 
4.0200000000000005 	 9.158443980654255 	 0.054532632619404636 	 0.1313721296865056 
4.04 	 8.343070207852877 	 0.051649713537462574 	 0.12664635980963657 
4.0600000000000005 	 7.569733711116326 	 0.04888234655381576 	 0.12411927567964279 
4.08 	 6.874384475207483 	 0.046425378443536336 	 0.12362005267133641 
4.1 	 6.270316398024642 	 0.04441248629728766 	 0.1247923607096616 
4.12 	 5.760221246383548 	 0.04294788514159958 	 0.12711763860490707 
4.14 	 5.339822884703357 	 0.04211291356160491 	 0.1299076248012661 
4.16 	 4.9975227892335345 	 0.04194533164249732 	 0.1322427966317419 
4.18 	 4.715228849400443 	 0.04242675502105671 	 0.13294529879180028 
4.2 	 4.473096510819078 	 0.04350536492783034 	 0.13091589147137234 
4.22 	 4.25632880208718 	 0.04513571788385026 	 0.12581350394615212 
4.24 	 4.059073774083152 	 0.04729138286390395 	 0.11838222947374444 
4.26 	 3.8830158902945344 	 0.04991958149582758 	 0.10999582515986589 
4.28 	 3.7324668272248576 	 0.05284384064379492 	 0.10191316987445523 
4.3 	 3.6093317050462463 	 0.055687242368825135 	 0.09487847776493333 
4.32 	 3.5111848712353413 	 0.057922865189454185 	 0.08914017978117163 
4.34 	 3.4328550067408092 	 0.05906080694191027 	 0.08464083138024635 
4.36 	 3.368739336495645 	 0.05885444080233587 	 0.08119320160277654 
4.38 	 3.31361918930931 	 0.05740848073450127 	 0.07860199292721884 
4.4 	 3.2621371132022716 	 0.05512929371512384 	 0.07673919688242008 
4.42 	 3.208986380309237 	 0.05250143426739962 	 0.07555439218039386 
4.44 	 3.1513323056813296 	 0.049811919613078036 	 0.07501524605808335 
4.46 	 3.0906357875213324 	 0.04706325636044885 	 0.07504455940574431 
4.48 	 3.0309324333064307 	 0.04415968174928403 	 0.07553706700969258 
4.5 	 2.9768546981869304 	 0.04115288240713634 	 0.07644327762598363 
4.5200000000000005 	 2.9335663503410485 	 0.038279382820315094 	 0.07780432022926526 
4.54 	 2.905411644679362 	 0.035810982450897436 	 0.07968248329001992 
4.5600000000000005 	 2.893388569088009 	 0.033930085493729834 	 0.0820771644964957 
4.58 	 2.89563184567232 	 0.03271566847465404 	 0.08490781577469196 
4.6000000000000005 	 2.910830806557115 	 0.03218520752271458 	 0.08804900148953307 
4.62 	 2.9405747560445454 	 0.03233307143457637 	 0.09139707679274217 
4.64 	 2.988954566841609 	 0.03314402722338391 	 0.09496004268561521 
4.66 	 3.0602045387305647 	 0.03457891098773352 	 0.0989171594624419 
4.68 	 3.155732693134272 	 0.03653466131413448 	 0.1035947998227744 
4.7 	 3.272539476026203 	 0.038796596831353274 	 0.10937219644756162 
4.72 	 3.40427488389402 	 0.041038219106177935 	 0.11657545576912987 
4.74 	 3.543558928521419 	 0.04293932995819811 	 0.1253958888115223 
4.76 	 3.683357413914615 	 0.044390328555838805 	 0.13583607230865158 
4.78 	 3.8175981963578662 	 0.04559021493399384 	 0.14767098595159858 
4.8 	 3.9419413741643545 	 0.04691708448210392 	 0.1603808786959994 
4.82 	 4.053669132686452 	 0.048711683493333297 	 0.1730867636513675 
4.84 	 4.151122315471294 	 0.051166986188843716 	 0.18475051575651927 
4.86 	 4.235307554225206 	 0.05435169179612334 	 0.19477545164677956 
4.88 	 4.31158944162789 	 0.05826384997766498 	 0.20348374195699057 
4.9 	 4.387605809791036 	 0.06280895379589826 	 0.21193601636211204 
4.92 	 4.470360273732719 	 0.06771813458990243 	 0.22138557305357384 
4.94 	 4.566115163457019 	 0.0725524136806784 	 0.23282351995689196 
4.96 	 4.680732978656036 	 0.07691897543358285 	 0.2466870537181235 
4.98 	 4.817955880706943 	 0.08078375124871137 	 0.2627573551055933 
5.0 	 4.977791158344238 	 0.08452569520432124 	 0.28025420946312374 
5.0200000000000005 	 5.157582400695596 	 0.08861346519227253 	 0.2980969258584013 
5.04 	 5.353909159648196 	 0.09324229915823182 	 0.3153218637462422 
5.0600000000000005 	 5.563077979923847 	 0.09825937795741586 	 0.33144460911244455 
5.08 	 5.781817955962009 	 0.10338263075915044 	 0.34647309428325856 
5.1000000000000005 	 6.00879044849709 	 0.1084661406089073 	 0.3605803351523822 
5.12 	 6.243678929803457 	 0.11350721525395041 	 0.37371507993664554 
5.14 	 6.4828052777897875 	 0.11840459418362131 	 0.38538833991250415 
5.16 	 6.714724090972659 	 0.1228522642832702 	 0.39474672319108495 
5.18 	 6.918435736727475 	 0.1265423641205914 	 0.40094755872179705 
5.2 	 7.065586608781436 	 0.12934416429694828 	 0.4036954362642912 
5.22 	 7.129372692659492 	 0.13116289278477633 	 0.40353362360976697 
5.24 	 7.0980572074435235 	 0.131669455017554 	 0.4014506923879107 
5.26 	 6.982179100183568 	 0.13028222228906877 	 0.3980415142739957 
5.28 	 6.807962178299611 	 0.12647549273200526 	 0.39311518492175573 
5.3 	 6.603127071987066 	 0.1201409526228338 	 0.3862447434677619 
5.32 	 6.386451175031395 	 0.11173140781281583 	 0.3775991880233344 
5.34 	 6.166640427611993 	 0.10212061072461544 	 0.3680979151985419 
5.36 	 5.9484363598429875 	 0.09230452335790297 	 0.35893595748696594 
5.38 	 5.7393756513846865 	 0.08313968355534967 	 0.35111870695453157 
5.4 	 5.551090346552432 	 0.07521288483108435 	 0.345280754348264 
5.42 	 5.394231438758396 	 0.06881771142254083 	 0.34168975929657086 
5.44 	 5.272366390887209 	 0.06397319995171588 	 0.3402705697302895 
5.46 	 5.179352626811994 	 0.06045238589427169 	 0.34052958424804103 
5.48 	 5.098999509837831 	 0.05783040781745704 	 0.3412999427519792 
5.5 	 5.006871847342335 	 0.05555393454477584 	 0.34052369791005194 
5.5200000000000005 	 4.877339475338483 	 0.05303735508953823 	 0.335569344484363 
5.54 	 4.693466241202361 	 0.049834584650829926 	 0.32428780549702024 
5.5600000000000005 	 4.451739831008454 	 0.045843107995055206 	 0.306124670768968 
5.58 	 4.159783548847829 	 0.041327031700191946 	 0.2822293517799266 
5.6000000000000005 	 3.8326845631838897 	 0.036705225357070985 	 0.25462089897016194 
5.62 	 3.4912992098503746 	 0.032330337631235016 	 0.22544996190698605 
5.64 	 3.1596759053307077 	 0.028407677049763984 	 0.19674061026599254 
5.66 	 2.858874748291889 	 0.025011888702914393 	 0.1701691792458383 
5.68 	 2.6008992505612993 	 0.022131406071066017 	 0.14676782690490509 
5.7 	 2.387650604194844 	 0.019710226630434757 	 0.1268547019162908 
5.72 	 2.214558703023067 	 0.01767766205315563 	 0.11023666888272309 
5.74 	 2.0756320996945705 	 0.015965043309268973 	 0.09647759873124742 
5.76 	 1.9667647524919674 	 0.014512746431014292 	 0.08508793386987858 
5.78 	 1.8856517718556716 	 0.013271757566333552 	 0.07561848668433872 
5.8 	 1.8295733527481317 	 0.012202820808089767 	 0.06769204602675234 
5.82 	 1.792800936953036 	 0.011274822103213834 	 0.06100489581795164 
5.84 	 1.7642400874867024 	 0.010463142571470258 	 0.05531709462699284 
5.86 	 1.7272952520420373 	 0.009748240417214872 	 0.05044032968794192 
5.88 	 1.6653251908786662 	 0.009114512740764061 	 0.046226766829327554 
5.9 	 1.5711014902894245 	 0.008549411219799652 	 0.042559872485705176 
5.92 	 1.4511150040405314 	 0.008042764791230068 	 0.03934721702398578 
5.94 	 1.3197371130290956 	 0.007586263261544774 	 0.036514956619200754 
5.96 	 1.19005545414111 	 0.007173063277156614 	 0.03400364081656704 
5.98 	 1.0695954853899636 	 0.006797486464848527 	 0.03176503344668327 
6.0 	 0.9613888761156654 	 0.006454786847127274 	 0.02975969664633613 
