Energy 	 total 	 metal 	 mol 
0.0 	 0.02272595777682573 	 0.0 	 0.0 
0.02 	 0.022976061401096183 	 0.0 	 0.0 
0.04 	 0.023230834028322628 	 0.0 	 0.0 
0.06 	 0.023490428100535185 	 0.0 	 0.0 
0.08 	 0.023755005835594516 	 0.0 	 0.0 
0.1 	 0.024024740361021393 	 0.0 	 0.0 
0.12 	 0.024299817037491265 	 0.0 	 0.0 
0.14 	 0.024580435011605534 	 0.0 	 0.0 
0.16 	 0.02486680904725912 	 0.0 	 0.0 
0.18 	 0.025159171697342775 	 0.0 	 0.0 
0.2 	 0.025457775893494336 	 0.0 	 0.0 
0.22 	 0.02576289805229197 	 0.0 	 0.0 
0.24 	 0.02607484182319785 	 0.0 	 0.0 
0.26 	 0.026393942638820923 	 0.0 	 0.0 
0.28 	 0.026720573274536384 	 0.0 	 0.0 
0.3 	 0.027055150686133202 	 0.0 	 0.0 
0.32 	 0.027398144476422012 	 0.0 	 0.0 
0.34 	 0.027750087452205335 	 0.0 	 0.0 
0.36 	 0.028111588882267446 	 0.0 	 0.0 
0.38 	 0.028483351269827723 	 0.0 	 0.0 
0.4 	 0.02886619172980543 	 0.0 	 0.0 
0.42 	 0.029261069440850322 	 0.0 	 0.0 
0.44 	 0.029669121163707405 	 0.0 	 0.0 
0.46 	 0.03009170753402716 	 0.0 	 0.0 
0.48 	 0.03053047381765044 	 0.0 	 0.0 
0.5 	 0.030987430141140502 	 0.0 	 0.0 
0.52 	 0.031465057958703364 	 0.0 	 0.0 
0.54 	 0.03196645171456505 	 0.0 	 0.0 
0.56 	 0.03249550714475993 	 0.0 	 0.0 
0.58 	 0.033057169742859625 	 0.0 	 0.0 
0.6 	 0.03365775655330474 	 0.0 	 0.0 
0.62 	 0.034305356370100744 	 0.0 	 0.0 
0.64 	 0.03501028481802842 	 0.0 	 0.0 
0.66 	 0.03578549239330698 	 0.0 	 0.0 
0.68 	 0.036646632807039746 	 0.0 	 0.0 
0.7000000000000001 	 0.03761107813018096 	 0.0 	 0.0 
0.72 	 0.03869435479228172 	 0.0 	 0.0 
0.74 	 0.03990128807855987 	 0.0 	 0.0 
0.76 	 0.041208712389742275 	 0.0 	 0.0 
0.78 	 0.04254121448362249 	 0.0 	 0.0 
0.8 	 0.043757884962262975 	 0.0 	 0.0 
0.8200000000000001 	 0.044688339505802935 	 0.0 	 0.0 
0.84 	 0.04523044600887355 	 0.0 	 0.0 
0.86 	 0.04543021626672559 	 0.0 	 0.0 
0.88 	 0.04544913250971832 	 0.0 	 0.0 
0.9 	 0.045460175425600366 	 0.0 	 0.0 
0.92 	 0.04558047489347199 	 0.0 	 0.0 
0.9400000000000001 	 0.04586729594241429 	 0.0 	 0.0 
0.96 	 0.04634114843698053 	 0.0 	 0.0 
0.98 	 0.04700658833165985 	 0.0 	 0.0 
1.0 	 0.04786215345389034 	 0.0 	 0.0 
1.02 	 0.04889930853929842 	 0.0 	 0.0 
1.04 	 0.05009067829087761 	 0.0 	 0.0 
1.06 	 0.05136944398966588 	 0.0 	 0.0 
1.08 	 0.05261301562279226 	 0.0 	 0.0 
1.1 	 0.05366309029052431 	 0.0 	 0.0 
1.12 	 0.05440362134115402 	 0.0 	 0.0 
1.1400000000000001 	 0.05484288427763283 	 0.0 	 0.0 
1.16 	 0.05510551551074766 	 0.0 	 0.0 
1.18 	 0.05534427857638162 	 0.0 	 0.0 
1.2 	 0.05566868533249513 	 0.0 	 0.0 
1.22 	 0.056131839949658584 	 0.0 	 0.0 
1.24 	 0.056748727012862654 	 0.0 	 0.0 
1.26 	 0.05751654106172408 	 0.0 	 0.0 
1.28 	 0.05842744581608899 	 0.0 	 0.0 
1.3 	 0.059474755512361775 	 0.0 	 0.0 
1.32 	 0.060655440552330346 	 0.0 	 0.0 
1.34 	 0.061971016704776054 	 0.0 	 0.0 
1.36 	 0.06342791107753744 	 0.0 	 0.0 
1.3800000000000001 	 0.06503781649926756 	 0.0 	 0.0 
1.4000000000000001 	 0.0668182579027134 	 0.0 	 0.0 
1.42 	 0.0687934504381561 	 0.0 	 0.0 
1.44 	 0.07099541403333316 	 0.0 	 0.0 
1.46 	 0.07346511541858329 	 0.0 	 0.0 
1.48 	 0.07625299241913469 	 0.0 	 0.0 
1.5 	 0.07941738820440246 	 0.0 	 0.0 
1.52 	 0.08301815129363434 	 0.0 	 0.0 
1.54 	 0.08710195889973045 	 0.0 	 0.0 
1.56 	 0.09167989144258488 	 0.0 	 0.0 
1.58 	 0.09671318055393252 	 0.0 	 0.0 
1.6 	 0.10214227083502524 	 0.0 	 0.0 
1.62 	 0.10796865716040406 	 0.0 	 0.0 
1.6400000000000001 	 0.11430858925990672 	 0.0 	 0.0 
1.6600000000000001 	 0.12132443869820352 	 0.0 	 0.0 
1.68 	 0.12907190655307788 	 0.0 	 0.0 
1.7 	 0.13735756185262296 	 0.0 	 0.0 
1.72 	 0.1456530532035493 	 0.0 	 0.0 
1.74 	 0.1531651126445274 	 0.0 	 0.0 
1.76 	 0.1591998230099746 	 0.0 	 0.0 
1.78 	 0.1636229965409138 	 0.0 	 0.0 
1.8 	 0.1668174767711316 	 0.0 	 0.0 
1.82 	 0.16905874568488888 	 0.0 	 0.0 
1.84 	 0.170114864235807 	 0.0 	 0.0 
1.86 	 0.16964430533821115 	 0.0 	 0.0 
1.8800000000000001 	 0.1679012386066079 	 0.0 	 0.0 
1.9000000000000001 	 0.16584043585541025 	 0.0 	 0.0 
1.92 	 0.1645789738460442 	 0.0 	 0.0 
1.94 	 0.16490525792679808 	 0.0 	 0.0 
1.96 	 0.16715490277063208 	 0.0 	 0.0 
1.98 	 0.17127945976423384 	 0.0 	 0.0 
2.0 	 0.17693138989648383 	 0.0 	 0.0 
2.02 	 0.18355178108627485 	 0.0 	 0.0 
2.04 	 0.19048404586139647 	 0.0 	 0.0 
2.06 	 0.19710702208803507 	 0.0 	 0.0 
2.08 	 0.2030192468650154 	 0.0 	 0.0 
2.1 	 0.20819902393556844 	 0.0 	 0.0 
2.12 	 0.2129449834337406 	 0.0 	 0.0 
2.14 	 0.2177052913402644 	 0.0 	 0.0 
2.16 	 0.22297715143328983 	 0.0 	 0.0 
2.18 	 0.22913337813289764 	 0.0 	 0.0 
2.2 	 0.23620865053828694 	 0.0 	 0.0 
2.22 	 0.24400614774566878 	 0.0 	 0.0 
2.24 	 0.25257128733051126 	 0.0 	 0.0 
2.2600000000000002 	 0.2625476892180846 	 0.0 	 0.0 
2.2800000000000002 	 0.27504268890776234 	 0.0 	 0.0 
2.3000000000000003 	 0.29117760435879314 	 0.0 	 0.0 
2.32 	 0.31160822378731823 	 0.0 	 0.0 
2.34 	 0.3360327489023313 	 0.0 	 0.0 
2.36 	 0.36263888148751144 	 0.0 	 0.0 
2.38 	 0.3878619097171808 	 0.0 	 0.0 
2.4 	 0.40738101235208934 	 0.0 	 0.0 
2.42 	 0.41856648630297816 	 0.0 	 0.0 
2.44 	 0.42222907303939694 	 0.0 	 0.0 
2.46 	 0.42139498410241055 	 0.0 	 0.0 
2.48 	 0.4185618132575782 	 0.0 	 0.0 
2.5 	 0.4144768231882242 	 0.0 	 0.0 
2.52 	 0.408955119367939 	 0.0 	 0.0 
2.54 	 0.402128092620883 	 0.0 	 0.0 
2.56 	 0.3948482724055431 	 0.0 	 0.0 
2.58 	 0.38835753670478723 	 0.0 	 0.0 
2.6 	 0.38381265243677704 	 0.0 	 0.0 
2.62 	 0.3819992533719721 	 0.0 	 0.0 
2.64 	 0.38336338736260556 	 0.0 	 0.0 
2.66 	 0.38816654684300206 	 0.0 	 0.0 
2.68 	 0.3964458799854927 	 0.0 	 0.0 
2.7 	 0.4078457400959838 	 0.0 	 0.0 
2.72 	 0.42164755595683995 	 0.0 	 0.0 
2.74 	 0.4371324174849742 	 0.0 	 0.0 
2.7600000000000002 	 0.4540341202747837 	 0.0 	 0.0 
2.7800000000000002 	 0.47264314374263056 	 0.0 	 0.0 
2.8000000000000003 	 0.4934106160707715 	 0.0 	 0.0 
2.82 	 0.5164418713993533 	 0.0 	 0.0 
2.84 	 0.5414034840612003 	 0.0 	 0.0 
2.86 	 0.5680638060325061 	 0.0 	 0.0 
2.88 	 0.5970470067201141 	 0.0 	 0.0 
2.9 	 0.6297662206077567 	 0.0 	 0.0 
2.92 	 0.6671725453341119 	 0.0 	 0.0 
2.94 	 0.7082068035100599 	 0.0 	 0.0 
2.96 	 0.7491128860834064 	 0.0 	 0.0 
2.98 	 0.7846559623956235 	 0.0 	 0.0 
3.0 	 0.8113433512764652 	 0.0 	 0.0 
3.02 	 0.8300717187731315 	 0.0 	 0.0 
3.04 	 0.8452911341154027 	 0.0 	 0.0 
3.06 	 0.8620056683314029 	 0.0 	 0.0 
3.08 	 0.8838553448809053 	 0.0 	 0.0 
3.1 	 0.9130352819416643 	 0.0 	 0.0 
3.12 	 0.9510988372117607 	 0.0 	 0.0 
3.14 	 0.9997095666718123 	 0.0 	 0.0 
3.16 	 1.0608592957341239 	 0.0 	 0.0 
3.18 	 1.136750751929001 	 0.0 	 0.0 
3.2 	 1.2297266343495241 	 0.0 	 0.0 
3.22 	 1.3422497541280731 	 0.0 	 0.0 
3.24 	 1.4766886230644998 	 0.0 	 0.0 
3.2600000000000002 	 1.6346889327210856 	 0.0 	 0.0 
3.2800000000000002 	 1.816130954010315 	 0.0 	 0.0 
3.3000000000000003 	 2.018158231854436 	 0.0 	 0.0 
3.3200000000000003 	 2.2354267280874756 	 0.0 	 0.0 
3.34 	 2.463096530359997 	 0.0 	 0.0 
3.36 	 2.702718980925495 	 0.0 	 0.0 
3.38 	 2.9666566929799285 	 0.0 	 0.0 
3.4 	 3.275195439504288 	 0.0 	 0.0 
3.42 	 3.6481843901630544 	 0.0 	 0.0 
3.44 	 4.0985876081955785 	 0.0 	 0.0 
3.46 	 4.632180124199553 	 0.0 	 0.0 
3.48 	 5.253211430866306 	 0.0 	 0.0 
3.5 	 5.970132104391069 	 0.0 	 0.0 
3.52 	 6.791990803897809 	 0.0 	 0.0 
3.54 	 7.71837739946925 	 0.0 	 0.0 
3.56 	 8.739343362124826 	 0.0 	 0.0 
3.58 	 9.843462601372261 	 0.0 	 0.0 
3.6 	 11.0003290251601 	 0.0 	 0.0 
3.62 	 12.104609515928573 	 0.0 	 0.0 
3.64 	 12.941153532934287 	 0.0 	 0.0 
3.66 	 13.256868558880276 	 0.0 	 0.0 
3.68 	 12.92488401964289 	 0.0 	 0.0 
3.7 	 12.038733842932706 	 0.0 	 0.0 
3.72 	 10.834952605382194 	 0.0 	 0.0 
3.74 	 9.554743034931054 	 0.0 	 0.0 
3.7600000000000002 	 8.367813872439257 	 0.0 	 0.0 
3.7800000000000002 	 7.362026842920653 	 0.0 	 0.0 
3.8000000000000003 	 6.564425471510938 	 0.0 	 0.0 
3.8200000000000003 	 5.970310112967233 	 0.0 	 0.0 
3.84 	 5.565368114425806 	 0.0 	 0.0 
3.86 	 5.334861209815321 	 0.0 	 0.0 
3.88 	 5.2624269193396165 	 0.0 	 0.0 
3.9 	 5.3220897803379845 	 0.0 	 0.0 
3.92 	 5.465131574028828 	 0.0 	 0.0 
3.94 	 5.609200793428429 	 0.0 	 0.0 
3.96 	 5.648758581867161 	 0.0 	 0.0 
3.98 	 5.500589613542285 	 0.0 	 0.0 
4.0 	 5.155178650630314 	 0.0 	 0.0 
4.0200000000000005 	 4.6776279900074895 	 0.0 	 0.0 
4.04 	 4.157624425787423 	 0.0 	 0.0 
4.0600000000000005 	 3.6644484775329302 	 0.0 	 0.0 
4.08 	 3.2353761883758643 	 0.0 	 0.0 
4.1 	 2.883365630114586 	 0.0 	 0.0 
4.12 	 2.6071509623289226 	 0.0 	 0.0 
4.14 	 2.3981429908721483 	 0.0 	 0.0 
4.16 	 2.2439089734938555 	 0.0 	 0.0 
4.18 	 2.1293801938119588 	 0.0 	 0.0 
4.2 	 2.0374254454882283 	 0.0 	 0.0 
4.22 	 1.9509348103141477 	 0.0 	 0.0 
4.24 	 1.8576940918772913 	 0.0 	 0.0 
4.26 	 1.7549072764037763 	 0.0 	 0.0 
4.28 	 1.6482224968670747 	 0.0 	 0.0 
4.3 	 1.5462918740655807 	 0.0 	 0.0 
4.32 	 1.4563917567349078 	 0.0 	 0.0 
4.34 	 1.3833126134175309 	 0.0 	 0.0 
4.36 	 1.3299234865705354 	 0.0 	 0.0 
4.38 	 1.297718288852847 	 0.0 	 0.0 
4.4 	 1.2868175123631798 	 0.0 	 0.0 
4.42 	 1.2955608169327868 	 0.0 	 0.0 
4.44 	 1.3201426761779216 	 0.0 	 0.0 
4.46 	 1.3548214533633907 	 0.0 	 0.0 
4.48 	 1.3926832411339172 	 0.0 	 0.0 
4.5 	 1.426281557321096 	 0.0 	 0.0 
4.5200000000000005 	 1.4481059206175517 	 0.0 	 0.0 
4.54 	 1.4519143608468126 	 0.0 	 0.0 
4.5600000000000005 	 1.4352482875422479 	 0.0 	 0.0 
4.58 	 1.4013281145873884 	 0.0 	 0.0 
4.6000000000000005 	 1.3581791408912476 	 0.0 	 0.0 
4.62 	 1.3154639300428084 	 0.0 	 0.0 
4.64 	 1.2814447172962466 	 0.0 	 0.0 
4.66 	 1.2611397539928064 	 0.0 	 0.0 
4.68 	 1.25552221073872 	 0.0 	 0.0 
4.7 	 1.262127160106664 	 0.0 	 0.0 
4.72 	 1.2770964839129204 	 0.0 	 0.0 
4.74 	 1.2975649678456906 	 0.0 	 0.0 
4.76 	 1.3227264523594928 	 0.0 	 0.0 
4.78 	 1.353037869853082 	 0.0 	 0.0 
4.8 	 1.389370485446265 	 0.0 	 0.0 
4.82 	 1.4334007943905132 	 0.0 	 0.0 
4.84 	 1.4877785367583158 	 0.0 	 0.0 
4.86 	 1.5548116303742199 	 0.0 	 0.0 
4.88 	 1.6345235965311 	 0.0 	 0.0 
4.9 	 1.7234595838016789 	 0.0 	 0.0 
4.92 	 1.8150527514692796 	 0.0 	 0.0 
4.94 	 1.901490771631584 	 0.0 	 0.0 
4.96 	 1.9757650899548924 	 0.0 	 0.0 
4.98 	 2.0327672741936174 	 0.0 	 0.0 
5.0 	 2.0709264966755865 	 0.0 	 0.0 
5.0200000000000005 	 2.094284797122892 	 0.0 	 0.0 
5.04 	 2.1099901879379077 	 0.0 	 0.0 
5.0600000000000005 	 2.121894762574507 	 0.0 	 0.0 
5.08 	 2.129032999640068 	 0.0 	 0.0 
5.1000000000000005 	 2.1312139303544493 	 0.0 	 0.0 
5.12 	 2.133074371126567 	 0.0 	 0.0 
5.14 	 2.1410483549402333 	 0.0 	 0.0 
5.16 	 2.1589484409194366 	 0.0 	 0.0 
5.18 	 2.188160781689199 	 0.0 	 0.0 
5.2 	 2.2299853586989196 	 0.0 	 0.0 
5.22 	 2.2849641354218275 	 0.0 	 0.0 
5.24 	 2.3497382258617625 	 0.0 	 0.0 
5.26 	 2.4161994984428596 	 0.0 	 0.0 
5.28 	 2.4747147441856714 	 0.0 	 0.0 
5.3 	 2.518675226349389 	 0.0 	 0.0 
5.32 	 2.5468197379543813 	 0.0 	 0.0 
5.34 	 2.562803321393252 	 0.0 	 0.0 
5.36 	 2.5739567784087396 	 0.0 	 0.0 
5.38 	 2.5897622328667755 	 0.0 	 0.0 
5.4 	 2.619073901644497 	 0.0 	 0.0 
5.42 	 2.6661471085984862 	 0.0 	 0.0 
5.44 	 2.727560755117689 	 0.0 	 0.0 
5.46 	 2.7923153087629022 	 0.0 	 0.0 
5.48 	 2.8454365517476137 	 0.0 	 0.0 
5.5 	 2.8747089795861402 	 0.0 	 0.0 
5.5200000000000005 	 2.877752307485312 	 0.0 	 0.0 
5.54 	 2.8629747097275358 	 0.0 	 0.0 
5.5600000000000005 	 2.8421845006465767 	 0.0 	 0.0 
5.58 	 2.821259507079379 	 0.0 	 0.0 
5.6000000000000005 	 2.797010299691866 	 0.0 	 0.0 
5.62 	 2.762305429055161 	 0.0 	 0.0 
5.64 	 2.713610868716222 	 0.0 	 0.0 
5.66 	 2.653822320894896 	 0.0 	 0.0 
5.68 	 2.5895330247532784 	 0.0 	 0.0 
5.7 	 2.525838034981008 	 0.0 	 0.0 
5.72 	 2.462898764595109 	 0.0 	 0.0 
5.74 	 2.397957066282 	 0.0 	 0.0 
5.76 	 2.330000819918978 	 0.0 	 0.0 
5.78 	 2.26075445212467 	 0.0 	 0.0 
5.8 	 2.1922600353113726 	 0.0 	 0.0 
5.82 	 2.125635107240594 	 0.0 	 0.0 
5.84 	 2.0612617934285313 	 0.0 	 0.0 
5.86 	 1.9977128526600691 	 0.0 	 0.0 
5.88 	 1.93012175483794 	 0.0 	 0.0 
5.9 	 1.8514361664200565 	 0.0 	 0.0 
5.92 	 1.7563972772320648 	 0.0 	 0.0 
5.94 	 1.6439951739661192 	 0.0 	 0.0 
5.96 	 1.5165261013728177 	 0.0 	 0.0 
5.98 	 1.377987635201859 	 0.0 	 0.0 
6.0 	 1.2339741096881238 	 0.0 	 0.0 
