Energy 	 total 	 metal 	 mol 
0.0 	 0.03404188575684779 	 0.0 	 0.0 
0.02 	 0.034915277504438264 	 0.0 	 0.0 
0.04 	 0.035823422268918534 	 0.0 	 0.0 
0.06 	 0.03676820058046126 	 0.0 	 0.0 
0.08 	 0.037751622078199217 	 0.0 	 0.0 
0.1 	 0.038775836288987515 	 0.0 	 0.0 
0.12 	 0.039843144469421964 	 0.0 	 0.0 
0.14 	 0.04095601263248938 	 0.0 	 0.0 
0.16 	 0.04211708589600801 	 0.0 	 0.0 
0.18 	 0.04332920430810927 	 0.0 	 0.0 
0.2 	 0.044595420325788046 	 0.0 	 0.0 
0.22 	 0.04591901814645622 	 0.0 	 0.0 
0.24 	 0.047303535119994196 	 0.0 	 0.0 
0.26 	 0.0487527855006325 	 0.0 	 0.0 
0.28 	 0.05027088683484911 	 0.0 	 0.0 
0.3 	 0.05186228932421826 	 0.0 	 0.0 
0.32 	 0.053531808551845556 	 0.0 	 0.0 
0.34 	 0.05528466201893176 	 0.0 	 0.0 
0.36 	 0.057126510005633305 	 0.0 	 0.0 
0.38 	 0.05906350134955402 	 0.0 	 0.0 
0.4 	 0.0611023248281007 	 0.0 	 0.0 
0.42 	 0.06325026694022887 	 0.0 	 0.0 
0.44 	 0.06551527701201545 	 0.0 	 0.0 
0.46 	 0.06790604070295646 	 0.0 	 0.0 
0.48 	 0.07043206317069615 	 0.0 	 0.0 
0.5 	 0.07310376336693977 	 0.0 	 0.0 
0.52 	 0.07593258119380861 	 0.0 	 0.0 
0.54 	 0.07893109955680234 	 0.0 	 0.0 
0.56 	 0.08211318371888286 	 0.0 	 0.0 
0.58 	 0.08549414080372941 	 0.0 	 0.0 
0.6 	 0.08909090283206846 	 0.0 	 0.0 
0.62 	 0.0929222373246192 	 0.0 	 0.0 
0.64 	 0.09700899029559513 	 0.0 	 0.0 
0.66 	 0.10137436742593302 	 0.0 	 0.0 
0.68 	 0.10604426038868141 	 0.0 	 0.0 
0.7000000000000001 	 0.11104762675527402 	 0.0 	 0.0 
0.72 	 0.11641693371111793 	 0.0 	 0.0 
0.74 	 0.12218867804248666 	 0.0 	 0.0 
0.76 	 0.12840399764092253 	 0.0 	 0.0 
0.78 	 0.13510939325783214 	 0.0 	 0.0 
0.8 	 0.14235758362842588 	 0.0 	 0.0 
0.8200000000000001 	 0.15020852262992418 	 0.0 	 0.0 
0.84 	 0.1587306141858421 	 0.0 	 0.0 
0.86 	 0.16800216962926995 	 0.0 	 0.0 
0.88 	 0.17811316379732328 	 0.0 	 0.0 
0.9 	 0.18916736105590393 	 0.0 	 0.0 
0.92 	 0.2012849018399823 	 0.0 	 0.0 
0.9400000000000001 	 0.21460546561958746 	 0.0 	 0.0 
0.96 	 0.22929215948334059 	 0.0 	 0.0 
0.98 	 0.24553632553632404 	 0.0 	 0.0 
1.0 	 0.26356351885061197 	 0.0 	 0.0 
1.02 	 0.28364098606623367 	 0.0 	 0.0 
1.04 	 0.30608708026226733 	 0.0 	 0.0 
1.06 	 0.3312831906469978 	 0.0 	 0.0 
1.08 	 0.35968896026249253 	 0.0 	 0.0 
1.1 	 0.39186183122620777 	 0.0 	 0.0 
1.12 	 0.42848232274525555 	 0.0 	 0.0 
1.1400000000000001 	 0.4703869502288973 	 0.0 	 0.0 
1.16 	 0.5186113851723652 	 0.0 	 0.0 
1.18 	 0.5744474001665395 	 0.0 	 0.0 
1.2 	 0.6395184169427808 	 0.0 	 0.0 
1.22 	 0.7158801455313835 	 0.0 	 0.0 
1.24 	 0.8061548734685161 	 0.0 	 0.0 
1.26 	 0.9137102277149678 	 0.0 	 0.0 
1.28 	 1.0428949008203712 	 0.0 	 0.0 
1.3 	 1.1993426607071072 	 0.0 	 0.0 
1.32 	 1.3903462150774069 	 0.0 	 0.0 
1.34 	 1.6252704422541726 	 0.0 	 0.0 
1.36 	 1.9158890355949256 	 0.0 	 0.0 
1.3800000000000001 	 2.2763245080473795 	 0.0 	 0.0 
1.4000000000000001 	 2.721830443011065 	 0.0 	 0.0 
1.42 	 3.2648336583898376 	 0.0 	 0.0 
1.44 	 3.9055656260238396 	 0.0 	 0.0 
1.46 	 4.614673570678148 	 0.0 	 0.0 
1.48 	 5.311043405096975 	 0.0 	 0.0 
1.5 	 5.855310805304989 	 0.0 	 0.0 
1.52 	 6.094567001790746 	 0.0 	 0.0 
1.54 	 5.956355267611473 	 0.0 	 0.0 
1.56 	 5.505463531806071 	 0.0 	 0.0 
1.58 	 4.893424386064083 	 0.0 	 0.0 
1.6 	 4.2617547255589905 	 0.0 	 0.0 
1.62 	 3.690134975263678 	 0.0 	 0.0 
1.6400000000000001 	 3.1993650729379755 	 0.0 	 0.0 
1.6600000000000001 	 2.7771163257695823 	 0.0 	 0.0 
1.68 	 2.404480990509967 	 0.0 	 0.0 
1.7 	 2.0716310187372664 	 0.0 	 0.0 
1.72 	 1.7781221705170354 	 0.0 	 0.0 
1.74 	 1.525545696703142 	 0.0 	 0.0 
1.76 	 1.3127648267199163 	 0.0 	 0.0 
1.78 	 1.1357367844261606 	 0.0 	 0.0 
1.8 	 0.9890945412070091 	 0.0 	 0.0 
1.82 	 0.8674664734751114 	 0.0 	 0.0 
1.84 	 0.7661202575375332 	 0.0 	 0.0 
1.86 	 0.681140750257755 	 0.0 	 0.0 
1.8800000000000001 	 0.6093863023338322 	 0.0 	 0.0 
1.9000000000000001 	 0.5483691310017696 	 0.0 	 0.0 
1.92 	 0.49612663638380294 	 0.0 	 0.0 
1.94 	 0.4511083413673266 	 0.0 	 0.0 
1.96 	 0.4120843069994821 	 0.0 	 0.0 
1.98 	 0.37807368806422764 	 0.0 	 0.0 
2.0 	 0.3482899930046307 	 0.0 	 0.0 
2.02 	 0.3220994960120638 	 0.0 	 0.0 
2.04 	 0.29898977916259745 	 0.0 	 0.0 
2.06 	 0.2785460258198699 	 0.0 	 0.0 
2.08 	 0.26043324730196565 	 0.0 	 0.0 
2.1 	 0.2443830273897046 	 0.0 	 0.0 
2.12 	 0.23018354802913166 	 0.0 	 0.0 
2.14 	 0.21767147886586102 	 0.0 	 0.0 
2.16 	 0.20672348136428173 	 0.0 	 0.0 
2.18 	 0.1972430954380838 	 0.0 	 0.0 
2.2 	 0.1891352368890807 	 0.0 	 0.0 
2.22 	 0.18225693280046842 	 0.0 	 0.0 
2.24 	 0.17633811857962156 	 0.0 	 0.0 
2.2600000000000002 	 0.1709024291379486 	 0.0 	 0.0 
2.2800000000000002 	 0.16529404241508483 	 0.0 	 0.0 
2.3000000000000003 	 0.1589285765916446 	 0.0 	 0.0 
2.32 	 0.15164828045371787 	 0.0 	 0.0 
2.34 	 0.143802362609729 	 0.0 	 0.0 
2.36 	 0.13595000984010663 	 0.0 	 0.0 
2.38 	 0.12853306275676518 	 0.0 	 0.0 
2.4 	 0.1217690223659404 	 0.0 	 0.0 
2.42 	 0.11570391272907873 	 0.0 	 0.0 
2.44 	 0.11029534817240251 	 0.0 	 0.0 
2.46 	 0.10546968564645255 	 0.0 	 0.0 
2.48 	 0.10115066632709181 	 0.0 	 0.0 
2.5 	 0.09727065475714489 	 0.0 	 0.0 
2.52 	 0.0937735410788544 	 0.0 	 0.0 
2.54 	 0.09061430184286078 	 0.0 	 0.0 
2.56 	 0.08775750394559265 	 0.0 	 0.0 
2.58 	 0.08517561158329526 	 0.0 	 0.0 
2.6 	 0.08284723020956641 	 0.0 	 0.0 
2.62 	 0.08075496827920181 	 0.0 	 0.0 
2.64 	 0.07888223947733906 	 0.0 	 0.0 
2.66 	 0.0772083155745256 	 0.0 	 0.0 
2.68 	 0.07570236578182589 	 0.0 	 0.0 
2.7 	 0.07432145432841285 	 0.0 	 0.0 
2.72 	 0.07302120508462402 	 0.0 	 0.0 
2.74 	 0.07177875446381014 	 0.0 	 0.0 
2.7600000000000002 	 0.07060682871527406 	 0.0 	 0.0 
2.7800000000000002 	 0.06954164407054537 	 0.0 	 0.0 
2.8000000000000003 	 0.0686195546050837 	 0.0 	 0.0 
2.82 	 0.06786487824208892 	 0.0 	 0.0 
2.84 	 0.06729099870510248 	 0.0 	 0.0 
2.86 	 0.0669061101635732 	 0.0 	 0.0 
2.88 	 0.06671813903420583 	 0.0 	 0.0 
2.9 	 0.06673784244909059 	 0.0 	 0.0 
2.92 	 0.0669807348473925 	 0.0 	 0.0 
2.94 	 0.06746859178089255 	 0.0 	 0.0 
2.96 	 0.0682310405260312 	 0.0 	 0.0 
2.98 	 0.06930756640080198 	 0.0 	 0.0 
3.0 	 0.07075017765210777 	 0.0 	 0.0 
3.02 	 0.0726269291675878 	 0.0 	 0.0 
3.04 	 0.07502642971241913 	 0.0 	 0.0 
3.06 	 0.07806321778107532 	 0.0 	 0.0 
3.08 	 0.08188321267076386 	 0.0 	 0.0 
3.1 	 0.08666674048865065 	 0.0 	 0.0 
3.12 	 0.09262273099815492 	 0.0 	 0.0 
3.14 	 0.09995970738308464 	 0.0 	 0.0 
3.16 	 0.10880590873571519 	 0.0 	 0.0 
3.18 	 0.11903897513600908 	 0.0 	 0.0 
3.2 	 0.13001036899367638 	 0.0 	 0.0 
3.22 	 0.14029219585193314 	 0.0 	 0.0 
3.24 	 0.14784571368283428 	 0.0 	 0.0 
3.2600000000000002 	 0.15098855650710552 	 0.0 	 0.0 
3.2800000000000002 	 0.1496169195481816 	 0.0 	 0.0 
3.3000000000000003 	 0.14534589325217026 	 0.0 	 0.0 
3.3200000000000003 	 0.14039593495248845 	 0.0 	 0.0 
3.34 	 0.1365097219278671 	 0.0 	 0.0 
3.36 	 0.1346642045432838 	 0.0 	 0.0 
3.38 	 0.13529719781399607 	 0.0 	 0.0 
3.4 	 0.13860960651014823 	 0.0 	 0.0 
3.42 	 0.14477126004464996 	 0.0 	 0.0 
3.44 	 0.15402732726201104 	 0.0 	 0.0 
3.46 	 0.16673481019318334 	 0.0 	 0.0 
3.48 	 0.1833361263569117 	 0.0 	 0.0 
3.5 	 0.20424063817807256 	 0.0 	 0.0 
3.52 	 0.22955611475169704 	 0.0 	 0.0 
3.54 	 0.2586470880267813 	 0.0 	 0.0 
3.56 	 0.28971790553897087 	 0.0 	 0.0 
3.58 	 0.32000833806610746 	 0.0 	 0.0 
3.6 	 0.34703559306489573 	 0.0 	 0.0 
3.62 	 0.36981622335279835 	 0.0 	 0.0 
3.64 	 0.38816035827928247 	 0.0 	 0.0 
3.66 	 0.40074215034660066 	 0.0 	 0.0 
3.68 	 0.4051828324628981 	 0.0 	 0.0 
3.7 	 0.40095132613197526 	 0.0 	 0.0 
3.72 	 0.3915027710132708 	 0.0 	 0.0 
3.74 	 0.38284689745124223 	 0.0 	 0.0 
3.7600000000000002 	 0.3806237841927004 	 0.0 	 0.0 
3.7800000000000002 	 0.38863019202640303 	 0.0 	 0.0 
3.8000000000000003 	 0.408858158458325 	 0.0 	 0.0 
3.8200000000000003 	 0.4416893608979125 	 0.0 	 0.0 
3.84 	 0.48530272461396107 	 0.0 	 0.0 
3.86 	 0.5341521059325547 	 0.0 	 0.0 
3.88 	 0.577612075125888 	 0.0 	 0.0 
3.9 	 0.6016366866702613 	 0.0 	 0.0 
3.92 	 0.5955288766456492 	 0.0 	 0.0 
3.94 	 0.5593878334441732 	 0.0 	 0.0 
3.96 	 0.5037986798789797 	 0.0 	 0.0 
3.98 	 0.4421395140453873 	 0.0 	 0.0 
4.0 	 0.3840673907896164 	 0.0 	 0.0 
4.0200000000000005 	 0.3341670594982014 	 0.0 	 0.0 
4.04 	 0.293513461425387 	 0.0 	 0.0 
4.0600000000000005 	 0.26148174478677405 	 0.0 	 0.0 
4.08 	 0.23689246484966442 	 0.0 	 0.0 
4.1 	 0.21856033837253205 	 0.0 	 0.0 
4.12 	 0.2055029947022005 	 0.0 	 0.0 
4.14 	 0.1969944867480287 	 0.0 	 0.0 
4.16 	 0.19256121803281026 	 0.0 	 0.0 
4.18 	 0.19196469908537545 	 0.0 	 0.0 
4.2 	 0.19518914968694662 	 0.0 	 0.0 
4.22 	 0.20243978447369557 	 0.0 	 0.0 
4.24 	 0.21415094886085284 	 0.0 	 0.0 
4.26 	 0.23099609432711668 	 0.0 	 0.0 
4.28 	 0.2538777300007729 	 0.0 	 0.0 
4.3 	 0.2838461844958425 	 0.0 	 0.0 
4.32 	 0.3218408755629611 	 0.0 	 0.0 
4.34 	 0.36807236185325526 	 0.0 	 0.0 
4.36 	 0.42085707595308697 	 0.0 	 0.0 
4.38 	 0.4750808097180901 	 0.0 	 0.0 
4.4 	 0.5215873095650584 	 0.0 	 0.0 
4.42 	 0.5498244448483325 	 0.0 	 0.0 
4.44 	 0.5537287469589509 	 0.0 	 0.0 
4.46 	 0.5352868217193475 	 0.0 	 0.0 
4.48 	 0.5014078726584417 	 0.0 	 0.0 
4.5 	 0.4587393716288688 	 0.0 	 0.0 
4.5200000000000005 	 0.41226036093212093 	 0.0 	 0.0 
4.54 	 0.3662753448767913 	 0.0 	 0.0 
4.5600000000000005 	 0.32443539863559345 	 0.0 	 0.0 
4.58 	 0.28899895130861175 	 0.0 	 0.0 
4.6000000000000005 	 0.26071946636119797 	 0.0 	 0.0 
4.62 	 0.23937439085594397 	 0.0 	 0.0 
4.64 	 0.22435667789018512 	 0.0 	 0.0 
4.66 	 0.2150554451066104 	 0.0 	 0.0 
4.68 	 0.21103709126693876 	 0.0 	 0.0 
4.7 	 0.2121060032549281 	 0.0 	 0.0 
4.72 	 0.2182950625596688 	 0.0 	 0.0 
4.74 	 0.22978851114952675 	 0.0 	 0.0 
4.76 	 0.246731332892928 	 0.0 	 0.0 
4.78 	 0.26884414141823865 	 0.0 	 0.0 
4.8 	 0.2948128712801639 	 0.0 	 0.0 
4.82 	 0.32171766403577806 	 0.0 	 0.0 
4.84 	 0.34527684420036575 	 0.0 	 0.0 
4.86 	 0.3614938303757331 	 0.0 	 0.0 
4.88 	 0.3684834646169035 	 0.0 	 0.0 
4.9 	 0.3664135872607376 	 0.0 	 0.0 
4.92 	 0.3563820005685429 	 0.0 	 0.0 
4.94 	 0.3404970502844431 	 0.0 	 0.0 
4.96 	 0.3223396617307329 	 0.0 	 0.0 
4.98 	 0.3060457511888936 	 0.0 	 0.0 
5.0 	 0.2948971345041156 	 0.0 	 0.0 
5.0200000000000005 	 0.29086843041384025 	 0.0 	 0.0 
5.04 	 0.2950350177173755 	 0.0 	 0.0 
5.0600000000000005 	 0.30813606993844167 	 0.0 	 0.0 
5.08 	 0.33090821718119234 	 0.0 	 0.0 
5.1000000000000005 	 0.36407854436272136 	 0.0 	 0.0 
5.12 	 0.4079154936836303 	 0.0 	 0.0 
5.14 	 0.46116210204192254 	 0.0 	 0.0 
5.16 	 0.5193461557437209 	 0.0 	 0.0 
5.18 	 0.5733968743037741 	 0.0 	 0.0 
5.2 	 0.6110908101761846 	 0.0 	 0.0 
5.22 	 0.6231986987769196 	 0.0 	 0.0 
5.24 	 0.6102064182979148 	 0.0 	 0.0 
5.26 	 0.5817543445083185 	 0.0 	 0.0 
5.28 	 0.5490952029842188 	 0.0 	 0.0 
5.3 	 0.5186568567452142 	 0.0 	 0.0 
5.32 	 0.49078975205120484 	 0.0 	 0.0 
5.34 	 0.4620292239635263 	 0.0 	 0.0 
5.36 	 0.4286667231439748 	 0.0 	 0.0 
5.38 	 0.3899623572682117 	 0.0 	 0.0 
5.4 	 0.3487605195501512 	 0.0 	 0.0 
5.42 	 0.30923371161507374 	 0.0 	 0.0 
5.44 	 0.27449099537670946 	 0.0 	 0.0 
5.46 	 0.24589140566063694 	 0.0 	 0.0 
5.48 	 0.22353373168261914 	 0.0 	 0.0 
5.5 	 0.20691546575288952 	 0.0 	 0.0 
5.5200000000000005 	 0.1953374522688516 	 0.0 	 0.0 
5.54 	 0.18803805743702978 	 0.0 	 0.0 
5.5600000000000005 	 0.18415896613050484 	 0.0 	 0.0 
5.58 	 0.18269910916432897 	 0.0 	 0.0 
5.6000000000000005 	 0.18267414989785988 	 0.0 	 0.0 
5.62 	 0.1835621453535089 	 0.0 	 0.0 
5.64 	 0.1856797850253748 	 0.0 	 0.0 
5.66 	 0.1900477305193478 	 0.0 	 0.0 
5.68 	 0.19792686807408236 	 0.0 	 0.0 
5.7 	 0.21052292712661358 	 0.0 	 0.0 
5.72 	 0.22897533058993463 	 0.0 	 0.0 
5.74 	 0.25442819806869477 	 0.0 	 0.0 
5.76 	 0.2879662989546441 	 0.0 	 0.0 
5.78 	 0.33022075843244114 	 0.0 	 0.0 
5.8 	 0.3804126998848881 	 0.0 	 0.0 
5.82 	 0.43471363170532595 	 0.0 	 0.0 
5.84 	 0.4845695578018708 	 0.0 	 0.0 
5.86 	 0.5172825730631813 	 0.0 	 0.0 
5.88 	 0.5214378503588419 	 0.0 	 0.0 
5.9 	 0.4946548499294287 	 0.0 	 0.0 
5.92 	 0.445444640366626 	 0.0 	 0.0 
5.94 	 0.3868363680977466 	 0.0 	 0.0 
5.96 	 0.3292560418000717 	 0.0 	 0.0 
5.98 	 0.27816860129510257 	 0.0 	 0.0 
6.0 	 0.23521718499888006 	 0.0 	 0.0 
